111,35
3,2
10,141
10,95
10,253
10,71
10,215
10,2
10,3
11,11
11,21
11,7
11,9
11,27
11,5
11,23
11,25
11,2
11,3
9,5
9,1
9,7
9,2
9,3
8,7
8,4
8,14
8,2
8,3
12,2
12,1
12,3
94,3
94,1
93,99
93,98
93,97
93,96
93,95
93,94
93,93
93,92
93,91
93,90
93,89
93,88
93,87
93,86
93,85
93,84
93,83
93,82
93,81
93,80
93,79
93,78
93,77
93,76
93,75
93,74
93,73
93,72
93,71
93,70
93,69
93,68
93,67
93,66
93,65
93,64
93,60
93,59
93,58
93,57
93,56
93,55
93,54
93,53
93,52
93,51
93,50
93,49
93,48
93,47
93,46
93,45
93,42
93,41
93,40
93,39
93,38
93,37
93,36
93,35
93,34
93,33
93,32
93,31
20,2
93,30
93,28
93,27
93,26
93,25
93,24
93,23
93,22
93,19
93,18
93,17
93,16
93,15
93,14
93,13
93,12
93,11
93,10
93,9
93,8
93,7
93,6
93,5
93,4
93,3
93,2
93,1
93,0
92,14
